NNNNNNNNN         ZZZZZZZZZ         YYYYYYYYYYY         XXXXXXXXXXXXX         Bzsmoothed
  1              .0000000              .0000000           -95.0000000          1.316976e-05
  2              .0000000              .0000000           -94.0000000          1.326918e-05
  3              .0000000              .0000000           -93.0000000          1.330911e-05
  4              .0000000              .0000000           -92.0000000          1.334146e-05
  5              .0000000              .0000000           -91.0000000              .1048483
  6              .0000000              .0000000           -90.0000000              .1048489
  7              .0000000              .0000000           -89.0000000              .1048500
  8              .0000000              .0000000           -88.0000000              .1048519
  9              .0000000              .0000000           -87.0000000              .1048542
 10              .0000000              .0000000           -86.0000000              .1048570
 11              .0000000              .0000000           -85.0000000              .1048602
 12              .0000000              .0000000           -84.0000000              .1048639
 13              .0000000              .0000000           -83.0000000              .1048679
 14              .0000000              .0000000           -82.0000000              .1048723
 15              .0000000              .0000000           -81.0000000              .1048767
 16              .0000000              .0000000           -80.0000000              .1048815
 17              .0000000              .0000000           -79.0000000              .1048863
 18              .0000000              .0000000           -78.0000000              .1048912
 19              .0000000              .0000000           -77.0000000              .1048960
 20              .0000000              .0000000           -76.0000000              .1049008
 21              .0000000              .0000000           -75.0000000              .1049056
 22              .0000000              .0000000           -74.0000000              .1049101
 23              .0000000              .0000000           -73.0000000              .1049146
 24              .0000000              .0000000           -72.0000000              .1049189
 25              .0000000              .0000000           -71.0000000              .1049230
 26              .0000000              .0000000           -70.0000000              .1049270
 27              .0000000              .0000000           -69.0000000              .1049307
 28              .0000000              .0000000           -68.0000000              .1049342
 29              .0000000              .0000000           -67.0000000              .1049375
 30              .0000000              .0000000           -66.0000000              .1049407
 31              .0000000              .0000000           -65.0000000              .1049435
 32              .0000000              .0000000           -64.0000000              .1049463
 33              .0000000              .0000000           -63.0000000              .1049487
 34              .0000000              .0000000           -62.0000000              .1049511
 35              .0000000              .0000000           -61.0000000              .1049532
 36              .0000000              .0000000           -60.0000000              .1049552
 37              .0000000              .0000000           -59.0000000              .1049569
 38              .0000000              .0000000           -58.0000000              .1049586
 39              .0000000              .0000000           -57.0000000              .1049600
 40              .0000000              .0000000           -56.0000000              .1049613
 41              .0000000              .0000000           -55.0000000              .1049624
 42              .0000000              .0000000           -54.0000000              .1049634
 43              .0000000              .0000000           -53.0000000              .1049643
 44              .0000000              .0000000           -52.0000000              .1049649
 45              .0000000              .0000000           -51.0000000              .1049656
 46              .0000000              .0000000           -50.0000000              .1049660
 47              .0000000              .0000000           -49.0000000              .1049663
 48              .0000000              .0000000           -48.0000000              .1049665
 49              .0000000              .0000000           -47.0000000              .1049666
 50              .0000000              .0000000           -46.0000000              .1049665
 51              .0000000              .0000000           -45.0000000              .1049663
 52              .0000000              .0000000           -44.0000000              .1049660
 53              .0000000              .0000000           -43.0000000              .1049656
 54              .0000000              .0000000           -42.0000000              .1049650
 55              .0000000              .0000000           -41.0000000              .1049643
 56              .0000000              .0000000           -40.0000000              .1049634
 57              .0000000              .0000000           -39.0000000              .1049624
 58              .0000000              .0000000           -38.0000000              .1049613
 59              .0000000              .0000000           -37.0000000              .1049600
 60              .0000000              .0000000           -36.0000000              .1049586
 61              .0000000              .0000000           -35.0000000              .1049570
 62              .0000000              .0000000           -34.0000000              .1049552
 63              .0000000              .0000000           -33.0000000              .1049532
 64              .0000000              .0000000           -32.0000000              .1049512
 65              .0000000              .0000000           -31.0000000              .1049488
 66              .0000000              .0000000           -30.0000000              .1049463
 67              .0000000              .0000000           -29.0000000              .1049435
 68              .0000000              .0000000           -28.0000000              .1049407
 69              .0000000              .0000000           -27.0000000              .1049375
 70              .0000000              .0000000           -26.0000000              .1049342
 71              .0000000              .0000000           -25.0000000              .1049306
 72              .0000000              .0000000           -24.0000000              .1049268
 73              .0000000              .0000000           -23.0000000              .1049228
 74              .0000000              .0000000           -22.0000000              .1049187
 75              .0000000              .0000000           -21.0000000              .1049143
 76              .0000000              .0000000           -20.0000000              .1049098
 77              .0000000              .0000000           -19.0000000              .1049051
 78              .0000000              .0000000           -18.0000000              .1049003
 79              .0000000              .0000000           -17.0000000              .1048954
 80              .0000000              .0000000           -16.0000000              .1048904
 81              .0000000              .0000000           -15.0000000              .1048855
 82              .0000000              .0000000           -14.0000000              .1048806
 83              .0000000              .0000000           -13.0000000              .1048757
 84              .0000000              .0000000           -12.0000000              .1048710
 85              .0000000              .0000000           -11.0000000              .1048665
 86              .0000000              .0000000           -10.0000000              .1048624
 87              .0000000              .0000000            -9.0000000              .1048585
 88              .0000000              .0000000            -8.0000000              .1048551
 89              .0000000              .0000000            -7.0000000              .1048522
 90              .0000000              .0000000            -6.0000000              .1048498
 91              .0000000              .0000000            -5.0000000              .1048481
 92              .0000000              .0000000            -4.0000000              .1048467
 93              .0000000              .0000000            -3.0000000              .1048461
 94              .0000000              .0000000            -2.0000000          2.024429e-05
 95              .0000000              .0000000            -1.0000000          2.024342e-05
 96              .0000000              .0000000              .0000000          2.024364e-05
 97              .0000000              .0000000             1.0000000          2.024469e-05
 98              .0000000              .0000000             2.0000000              .1048509
 99              .0000000              .0000000             3.0000000              .1048516
100              .0000000              .0000000             4.0000000              .1048521
101              .0000000              .0000000             5.0000000              .1048541
102              .0000000              .0000000             6.0000000              .1048562
103              .0000000              .0000000             7.0000000              .1048590
104              .0000000              .0000000             8.0000000              .1048622
105              .0000000              .0000000             9.0000000              .1048658
106              .0000000              .0000000            10.0000000              .1048699
107              .0000000              .0000000            11.0000000              .1048741
108              .0000000              .0000000            12.0000000              .1048787
109              .0000000              .0000000            13.0000000              .1048833
110              .0000000              .0000000            14.0000000              .1048881
111              .0000000              .0000000            15.0000000              .1048929
112              .0000000              .0000000            16.0000000              .1048978
113              .0000000              .0000000            17.0000000              .1049026
114              .0000000              .0000000            18.0000000              .1049072
115              .0000000              .0000000            19.0000000              .1049118
116              .0000000              .0000000            20.0000000              .1049162
117              .0000000              .0000000            21.0000000              .1049205
118              .0000000              .0000000            22.0000000              .1049246
119              .0000000              .0000000            23.0000000              .1049285
120              .0000000              .0000000            24.0000000              .1049322
121              .0000000              .0000000            25.0000000              .1049357
122              .0000000              .0000000            26.0000000              .1049390
123              .0000000              .0000000            27.0000000              .1049421
124              .0000000              .0000000            28.0000000              .1049450
125              .0000000              .0000000            29.0000000              .1049476
126              .0000000              .0000000            30.0000000              .1049502
127              .0000000              .0000000            31.0000000              .1049524
128              .0000000              .0000000            32.0000000              .1049546
129              .0000000              .0000000            33.0000000              .1049565
130              .0000000              .0000000            34.0000000              .1049583
131              .0000000              .0000000            35.0000000              .1049598
132              .0000000              .0000000            36.0000000              .1049613
133              .0000000              .0000000            37.0000000              .1049625
134              .0000000              .0000000            38.0000000              .1049637
135              .0000000              .0000000            39.0000000              .1049646
136              .0000000              .0000000            40.0000000              .1049655
137              .0000000              .0000000            41.0000000              .1049662
138              .0000000              .0000000            42.0000000              .1049667
139              .0000000              .0000000            43.0000000              .1049672
140              .0000000              .0000000            44.0000000              .1049675
141              .0000000              .0000000            45.0000000              .1049677
142              .0000000              .0000000            46.0000000              .1049677
143              .0000000              .0000000            47.0000000              .1049677
144              .0000000              .0000000            48.0000000              .1049675
145              .0000000              .0000000            49.0000000              .1049672
146              .0000000              .0000000            50.0000000              .1049667
147              .0000000              .0000000            51.0000000              .1049662
148              .0000000              .0000000            52.0000000              .1049654
149              .0000000              .0000000            53.0000000              .1049646
150              .0000000              .0000000            54.0000000              .1049636
151              .0000000              .0000000            55.0000000              .1049625
152              .0000000              .0000000            56.0000000              .1049612
153              .0000000              .0000000            57.0000000              .1049598
154              .0000000              .0000000            58.0000000              .1049582
155              .0000000              .0000000            59.0000000              .1049564
156              .0000000              .0000000            60.0000000              .1049545
157              .0000000              .0000000            61.0000000              .1049523
158              .0000000              .0000000            62.0000000              .1049501
159              .0000000              .0000000            63.0000000              .1049475
160              .0000000              .0000000            64.0000000              .1049449
161              .0000000              .0000000            65.0000000              .1049419
162              .0000000              .0000000            66.0000000              .1049389
163              .0000000              .0000000            67.0000000              .1049355
164              .0000000              .0000000            68.0000000              .1049321
165              .0000000              .0000000            69.0000000              .1049283
166              .0000000              .0000000            70.0000000              .1049244
167              .0000000              .0000000            71.0000000              .1049203
168              .0000000              .0000000            72.0000000              .1049160
169              .0000000              .0000000            73.0000000              .1049115
170              .0000000              .0000000            74.0000000              .1049069
171              .0000000              .0000000            75.0000000              .1049022
172              .0000000              .0000000            76.0000000              .1048973
173              .0000000              .0000000            77.0000000              .1048925
174              .0000000              .0000000            78.0000000              .1048876
175              .0000000              .0000000            79.0000000              .1048827
176              .0000000              .0000000            80.0000000              .1048780
177              .0000000              .0000000            81.0000000              .1048733
178              .0000000              .0000000            82.0000000              .1048690
179              .0000000              .0000000            83.0000000              .1048648
180              .0000000              .0000000            84.0000000              .1048612
181              .0000000              .0000000            85.0000000              .1048578
182              .0000000              .0000000            86.0000000              .1048548
183              .0000000              .0000000            87.0000000              .1048524
184              .0000000              .0000000            88.0000000              .1048503
185              .0000000              .0000000            89.0000000              .1048493
186              .0000000              .0000000            90.0000000              .1048490
187              .0000000              .0000000            91.0000000          1.302898e-05
188              .0000000              .0000000            92.0000000          1.298939e-05
189              .0000000              .0000000            93.0000000          1.292190e-05
190              .0000000              .0000000            94.0000000          1.285446e-05
191              .0000000              .0000000            95.0000000          1.273435e-05
192              .0000000            13.0000000           -95.0000000          1.392937e-05
193              .0000000            13.0000000           -94.0000000          1.404044e-05
194              .0000000            13.0000000           -93.0000000          1.409595e-05
195              .0000000            13.0000000           -92.0000000          1.412830e-05
196              .0000000            13.0000000           -91.0000000              .1047507
197              .0000000            13.0000000           -90.0000000              .1047451
198              .0000000            13.0000000           -89.0000000              .1047467
199              .0000000            13.0000000           -88.0000000              .1047515
200              .0000000            13.0000000           -87.0000000              .1047557
201              .0000000            13.0000000           -86.0000000              .1047593
202              .0000000            13.0000000           -85.0000000              .1047634
203              .0000000            13.0000000           -84.0000000              .1047679
204              .0000000            13.0000000           -83.0000000              .1047727
205              .0000000            13.0000000           -82.0000000              .1047779
206              .0000000            13.0000000           -81.0000000              .1047833
207              .0000000            13.0000000           -80.0000000              .1047890
208              .0000000            13.0000000           -79.0000000              .1047947
209              .0000000            13.0000000           -78.0000000              .1048007
210              .0000000            13.0000000           -77.0000000              .1048066
211              .0000000            13.0000000           -76.0000000              .1048125
212              .0000000            13.0000000           -75.0000000              .1048184
213              .0000000            13.0000000           -74.0000000              .1048241
214              .0000000            13.0000000           -73.0000000              .1048297
215              .0000000            13.0000000           -72.0000000              .1048351
216              .0000000            13.0000000           -71.0000000              .1048403
217              .0000000            13.0000000           -70.0000000              .1048454
218              .0000000            13.0000000           -69.0000000              .1048501
219              .0000000            13.0000000           -68.0000000              .1048548
220              .0000000            13.0000000           -67.0000000              .1048590
221              .0000000            13.0000000           -66.0000000              .1048633
222              .0000000            13.0000000           -65.0000000              .1048670
223              .0000000            13.0000000           -64.0000000              .1048707
224              .0000000            13.0000000           -63.0000000              .1048739
225              .0000000            13.0000000           -62.0000000              .1048772
226              .0000000            13.0000000           -61.0000000              .1048800
227              .0000000            13.0000000           -60.0000000              .1048827
228              .0000000            13.0000000           -59.0000000              .1048851
229              .0000000            13.0000000           -58.0000000              .1048873
230              .0000000            13.0000000           -57.0000000              .1048893
231              .0000000            13.0000000           -56.0000000              .1048910
232              .0000000            13.0000000           -55.0000000              .1048926
233              .0000000            13.0000000           -54.0000000              .1048940
234              .0000000            13.0000000           -53.0000000              .1048952
235              .0000000            13.0000000           -52.0000000              .1048962
236              .0000000            13.0000000           -51.0000000              .1048970
237              .0000000            13.0000000           -50.0000000              .1048976
238              .0000000            13.0000000           -49.0000000              .1048981
239              .0000000            13.0000000           -48.0000000              .1048983
240              .0000000            13.0000000           -47.0000000              .1048985
241              .0000000            13.0000000           -46.0000000              .1048983
242              .0000000            13.0000000           -45.0000000              .1048981
243              .0000000            13.0000000           -44.0000000              .1048976
244              .0000000            13.0000000           -43.0000000              .1048970
245              .0000000            13.0000000           -42.0000000              .1048961
246              .0000000            13.0000000           -41.0000000              .1048952
247              .0000000            13.0000000           -40.0000000              .1048940
248              .0000000            13.0000000           -39.0000000              .1048926
249              .0000000            13.0000000           -38.0000000              .1048910
250              .0000000            13.0000000           -37.0000000              .1048892
251              .0000000            13.0000000           -36.0000000              .1048873
252              .0000000            13.0000000           -35.0000000              .1048850
253              .0000000            13.0000000           -34.0000000              .1048827
254              .0000000            13.0000000           -33.0000000              .1048800
255              .0000000            13.0000000           -32.0000000              .1048773
256              .0000000            13.0000000           -31.0000000              .1048740
257              .0000000            13.0000000           -30.0000000              .1048708
258              .0000000            13.0000000           -29.0000000              .1048671
259              .0000000            13.0000000           -28.0000000              .1048634
260              .0000000            13.0000000           -27.0000000              .1048593
261              .0000000            13.0000000           -26.0000000              .1048551
262              .0000000            13.0000000           -25.0000000              .1048505
263              .0000000            13.0000000           -24.0000000              .1048458
264              .0000000            13.0000000           -23.0000000              .1048408
265              .0000000            13.0000000           -22.0000000              .1048357
266              .0000000            13.0000000           -21.0000000              .1048303
267              .0000000            13.0000000           -20.0000000              .1048248
268              .0000000            13.0000000           -19.0000000              .1048192
269              .0000000            13.0000000           -18.0000000              .1048134
270              .0000000            13.0000000           -17.0000000              .1048077
271              .0000000            13.0000000           -16.0000000              .1048018
272              .0000000            13.0000000           -15.0000000              .1047960
273              .0000000            13.0000000           -14.0000000              .1047904
274              .0000000            13.0000000           -13.0000000              .1047848
275              .0000000            13.0000000           -12.0000000              .1047795
276              .0000000            13.0000000           -11.0000000              .1047743
277              .0000000            13.0000000           -10.0000000              .1047697
278              .0000000            13.0000000            -9.0000000              .1047654
279              .0000000            13.0000000            -8.0000000              .1047617
280              .0000000            13.0000000            -7.0000000              .1047586
281              .0000000            13.0000000            -6.0000000              .1047563
282              .0000000            13.0000000            -5.0000000              .1047554
283              .0000000            13.0000000            -4.0000000              .1047556
284              .0000000            13.0000000            -3.0000000              .1047583
285              .0000000            13.0000000            -2.0000000          1.995522e-05
286              .0000000            13.0000000            -1.0000000          1.995866e-05
287              .0000000            13.0000000              .0000000          1.995973e-05
288              .0000000            13.0000000             1.0000000          1.995699e-05
289              .0000000            13.0000000             2.0000000              .1047522
290              .0000000            13.0000000             3.0000000              .1047522
291              .0000000            13.0000000             4.0000000              .1047523
292              .0000000            13.0000000             5.0000000              .1047551
293              .0000000            13.0000000             6.0000000              .1047584
294              .0000000            13.0000000             7.0000000              .1047621
295              .0000000            13.0000000             8.0000000              .1047660
296              .0000000            13.0000000             9.0000000              .1047704
297              .0000000            13.0000000            10.0000000              .1047752
298              .0000000            13.0000000            11.0000000              .1047803
299              .0000000            13.0000000            12.0000000              .1047857
300              .0000000            13.0000000            13.0000000              .1047913
301              .0000000            13.0000000            14.0000000              .1047971
302              .0000000            13.0000000            15.0000000              .1048029
303              .0000000            13.0000000            16.0000000              .1048088
304              .0000000            13.0000000            17.0000000              .1048147
305              .0000000            13.0000000            18.0000000              .1048205
306              .0000000            13.0000000            19.0000000              .1048262
307              .0000000            13.0000000            20.0000000              .1048317
308              .0000000            13.0000000            21.0000000              .1048371
309              .0000000            13.0000000            22.0000000              .1048423
310              .0000000            13.0000000            23.0000000              .1048472
311              .0000000            13.0000000            24.0000000              .1048520
312              .0000000            13.0000000            25.0000000              .1048565
313              .0000000            13.0000000            26.0000000              .1048609
314              .0000000            13.0000000            27.0000000              .1048649
315              .0000000            13.0000000            28.0000000              .1048688
316              .0000000            13.0000000            29.0000000              .1048722
317              .0000000            13.0000000            30.0000000              .1048757
318              .0000000            13.0000000            31.0000000              .1048787
319              .0000000            13.0000000            32.0000000              .1048816
320              .0000000            13.0000000            33.0000000              .1048842
321              .0000000            13.0000000            34.0000000              .1048866
322              .0000000            13.0000000            35.0000000              .1048887
323              .0000000            13.0000000            36.0000000              .1048907
324              .0000000            13.0000000            37.0000000              .1048925
325              .0000000            13.0000000            38.0000000              .1048940
326              .0000000            13.0000000            39.0000000              .1048954
327              .0000000            13.0000000            40.0000000              .1048965
328              .0000000            13.0000000            41.0000000              .1048975
329              .0000000            13.0000000            42.0000000              .1048983
330              .0000000            13.0000000            43.0000000              .1048989
331              .0000000            13.0000000            44.0000000              .1048993
332              .0000000            13.0000000            45.0000000              .1048996
333              .0000000            13.0000000            46.0000000              .1048996
334              .0000000            13.0000000            47.0000000              .1048996
335              .0000000            13.0000000            48.0000000              .1048992
336              .0000000            13.0000000            49.0000000              .1048989
337              .0000000            13.0000000            50.0000000              .1048981
338              .0000000            13.0000000            51.0000000              .1048974
339              .0000000            13.0000000            52.0000000              .1048963
340              .0000000            13.0000000            53.0000000              .1048951
341              .0000000            13.0000000            54.0000000              .1048937
342              .0000000            13.0000000            55.0000000              .1048922
343              .0000000            13.0000000            56.0000000              .1048903
344              .0000000            13.0000000            57.0000000              .1048883
345              .0000000            13.0000000            58.0000000              .1048861
346              .0000000            13.0000000            59.0000000              .1048837
347              .0000000            13.0000000            60.0000000              .1048811
348              .0000000            13.0000000            61.0000000              .1048782
349              .0000000            13.0000000            62.0000000              .1048752
350              .0000000            13.0000000            63.0000000              .1048717
351              .0000000            13.0000000            64.0000000              .1048683
352              .0000000            13.0000000            65.0000000              .1048643
353              .0000000            13.0000000            66.0000000              .1048604
354              .0000000            13.0000000            67.0000000              .1048560
355              .0000000            13.0000000            68.0000000              .1048516
356              .0000000            13.0000000            69.0000000              .1048468
357              .0000000            13.0000000            70.0000000              .1048419
358              .0000000            13.0000000            71.0000000              .1048367
359              .0000000            13.0000000            72.0000000              .1048314
360              .0000000            13.0000000            73.0000000              .1048259
361              .0000000            13.0000000            74.0000000              .1048203
362              .0000000            13.0000000            75.0000000              .1048146
363              .0000000            13.0000000            76.0000000              .1048088
364              .0000000            13.0000000            77.0000000              .1048030
365              .0000000            13.0000000            78.0000000              .1047973
366              .0000000            13.0000000            79.0000000              .1047916
367              .0000000            13.0000000            80.0000000              .1047861
368              .0000000            13.0000000            81.0000000              .1047807
369              .0000000            13.0000000            82.0000000              .1047759
370              .0000000            13.0000000            83.0000000              .1047711
371              .0000000            13.0000000            84.0000000              .1047671
372              .0000000            13.0000000            85.0000000              .1047633
373              .0000000            13.0000000            86.0000000              .1047604
374              .0000000            13.0000000            87.0000000              .1047584
375              .0000000            13.0000000            88.0000000              .1047558
376              .0000000            13.0000000            89.0000000              .1047559
377              .0000000            13.0000000            90.0000000              .1047549
378              .0000000            13.0000000            91.0000000          1.384944e-05
379              .0000000            13.0000000            92.0000000          1.383029e-05
380              .0000000            13.0000000            93.0000000          1.373555e-05
381              .0000000            13.0000000            94.0000000          1.363913e-05
382              .0000000            13.0000000            95.0000000          1.349464e-05
383            13.0000000              .0000000           -95.0000000          1.522251e-05
384            13.0000000              .0000000           -94.0000000          1.563499e-05
385            13.0000000              .0000000           -93.0000000          1.586554e-05
386            13.0000000              .0000000           -92.0000000          1.603459e-05
387            13.0000000              .0000000           -91.0000000              .1048479
388            13.0000000              .0000000           -90.0000000              .1048502
389            13.0000000              .0000000           -89.0000000              .1048553
390            13.0000000              .0000000           -88.0000000              .1048619
391            13.0000000              .0000000           -87.0000000              .1048714
392            13.0000000              .0000000           -86.0000000              .1048815
393            13.0000000              .0000000           -85.0000000              .1048931
394            13.0000000              .0000000           -84.0000000              .1049044
395            13.0000000              .0000000           -83.0000000              .1049165
396            13.0000000              .0000000           -82.0000000              .1049275
397            13.0000000              .0000000           -81.0000000              .1049389
398            13.0000000              .0000000           -80.0000000              .1049486
399            13.0000000              .0000000           -79.0000000              .1049586
400            13.0000000              .0000000           -78.0000000              .1049667
401            13.0000000              .0000000           -77.0000000              .1049748
402            13.0000000              .0000000           -76.0000000              .1049816
403            13.0000000              .0000000           -75.0000000              .1049880
404            13.0000000              .0000000           -74.0000000              .1049934
405            13.0000000              .0000000           -73.0000000              .1049984
406            13.0000000              .0000000           -72.0000000              .1050027
407            13.0000000              .0000000           -71.0000000              .1050065
408            13.0000000              .0000000           -70.0000000              .1050097
409            13.0000000              .0000000           -69.0000000              .1050126
410            13.0000000              .0000000           -68.0000000              .1050151
411            13.0000000              .0000000           -67.0000000              .1050172
412            13.0000000              .0000000           -66.0000000              .1050191
413            13.0000000              .0000000           -65.0000000              .1050206
414            13.0000000              .0000000           -64.0000000              .1050220
415            13.0000000              .0000000           -63.0000000              .1050231
416            13.0000000              .0000000           -62.0000000              .1050242
417            13.0000000              .0000000           -61.0000000              .1050250
418            13.0000000              .0000000           -60.0000000              .1050258
419            13.0000000              .0000000           -59.0000000              .1050263
420            13.0000000              .0000000           -58.0000000              .1050269
421            13.0000000              .0000000           -57.0000000              .1050273
422            13.0000000              .0000000           -56.0000000              .1050277
423            13.0000000              .0000000           -55.0000000              .1050280
424            13.0000000              .0000000           -54.0000000              .1050283
425            13.0000000              .0000000           -53.0000000              .1050284
426            13.0000000              .0000000           -52.0000000              .1050286
427            13.0000000              .0000000           -51.0000000              .1050287
428            13.0000000              .0000000           -50.0000000              .1050288
429            13.0000000              .0000000           -49.0000000              .1050289
430            13.0000000              .0000000           -48.0000000              .1050290
431            13.0000000              .0000000           -47.0000000              .1050290
432            13.0000000              .0000000           -46.0000000              .1050290
433            13.0000000              .0000000           -45.0000000              .1050290
434            13.0000000              .0000000           -44.0000000              .1050289
435            13.0000000              .0000000           -43.0000000              .1050288
436            13.0000000              .0000000           -42.0000000              .1050287
437            13.0000000              .0000000           -41.0000000              .1050285
438            13.0000000              .0000000           -40.0000000              .1050283
439            13.0000000              .0000000           -39.0000000              .1050281
440            13.0000000              .0000000           -38.0000000              .1050278
441            13.0000000              .0000000           -37.0000000              .1050274
442            13.0000000              .0000000           -36.0000000              .1050270
443            13.0000000              .0000000           -35.0000000              .1050265
444            13.0000000              .0000000           -34.0000000              .1050259
445            13.0000000              .0000000           -33.0000000              .1050251
446            13.0000000              .0000000           -32.0000000              .1050244
447            13.0000000              .0000000           -31.0000000              .1050233
448            13.0000000              .0000000           -30.0000000              .1050222
449            13.0000000              .0000000           -29.0000000              .1050208
450            13.0000000              .0000000           -28.0000000              .1050192
451            13.0000000              .0000000           -27.0000000              .1050174
452            13.0000000              .0000000           -26.0000000              .1050152
453            13.0000000              .0000000           -25.0000000              .1050127
454            13.0000000              .0000000           -24.0000000              .1050098
455            13.0000000              .0000000           -23.0000000              .1050066
456            13.0000000              .0000000           -22.0000000              .1050027
457            13.0000000              .0000000           -21.0000000              .1049984
458            13.0000000              .0000000           -20.0000000              .1049933
459            13.0000000              .0000000           -19.0000000              .1049879
460            13.0000000              .0000000           -18.0000000              .1049812
461            13.0000000              .0000000           -17.0000000              .1049743
462            13.0000000              .0000000           -16.0000000              .1049660
463            13.0000000              .0000000           -15.0000000              .1049575
464            13.0000000              .0000000           -14.0000000              .1049474
465            13.0000000              .0000000           -13.0000000              .1049373
466            13.0000000              .0000000           -12.0000000              .1049257
467            13.0000000              .0000000           -11.0000000              .1049142
468            13.0000000              .0000000           -10.0000000              .1049017
469            13.0000000              .0000000            -9.0000000              .1048897
470            13.0000000              .0000000            -8.0000000              .1048774
471            13.0000000              .0000000            -7.0000000              .1048666
472            13.0000000              .0000000            -6.0000000              .1048561
473            13.0000000              .0000000            -5.0000000              .1048487
474            13.0000000              .0000000            -4.0000000              .1048425
475            13.0000000              .0000000            -3.0000000              .1048399
476            13.0000000              .0000000            -2.0000000          2.053213e-05
477            13.0000000              .0000000            -1.0000000          2.053060e-05
478            13.0000000              .0000000              .0000000          2.052958e-05
479            13.0000000              .0000000             1.0000000          2.052954e-05
480            13.0000000              .0000000             2.0000000              .1048524
481            13.0000000              .0000000             3.0000000              .1048549
482            13.0000000              .0000000             4.0000000              .1048570
483            13.0000000              .0000000             5.0000000              .1048649
484            13.0000000              .0000000             6.0000000              .1048729
485            13.0000000              .0000000             7.0000000              .1048837
486            13.0000000              .0000000             8.0000000              .1048945
487            13.0000000              .0000000             9.0000000              .1049065
488            13.0000000              .0000000            10.0000000              .1049179
489            13.0000000              .0000000            11.0000000              .1049297
490            13.0000000              .0000000            12.0000000              .1049401
491            13.0000000              .0000000            13.0000000              .1049508
492            13.0000000              .0000000            14.0000000              .1049598
493            13.0000000              .0000000            15.0000000              .1049689
494            13.0000000              .0000000            16.0000000              .1049763
495            13.0000000              .0000000            17.0000000              .1049837
496            13.0000000              .0000000            18.0000000              .1049896
497            13.0000000              .0000000            19.0000000              .1049954
498            13.0000000              .0000000            20.0000000              .1050001
499            13.0000000              .0000000            21.0000000              .1050045
500            13.0000000              .0000000            22.0000000              .1050082
501            13.0000000              .0000000            23.0000000              .1050115
502            13.0000000              .0000000            24.0000000              .1050143
503            13.0000000              .0000000            25.0000000              .1050168
504            13.0000000              .0000000            26.0000000              .1050189
505            13.0000000              .0000000            27.0000000              .1050207
506            13.0000000              .0000000            28.0000000              .1050223
507            13.0000000              .0000000            29.0000000              .1050236
508            13.0000000              .0000000            30.0000000              .1050248
509            13.0000000              .0000000            31.0000000              .1050257
510            13.0000000              .0000000            32.0000000              .1050266
511            13.0000000              .0000000            33.0000000              .1050273
512            13.0000000              .0000000            34.0000000              .1050279
513            13.0000000              .0000000            35.0000000              .1050284
514            13.0000000              .0000000            36.0000000              .1050288
515            13.0000000              .0000000            37.0000000              .1050291
516            13.0000000              .0000000            38.0000000              .1050295
517            13.0000000              .0000000            39.0000000              .1050297
518            13.0000000              .0000000            40.0000000              .1050299
519            13.0000000              .0000000            41.0000000              .1050300
520            13.0000000              .0000000            42.0000000              .1050301
521            13.0000000              .0000000            43.0000000              .1050302
522            13.0000000              .0000000            44.0000000              .1050303
523            13.0000000              .0000000            45.0000000              .1050303
524            13.0000000              .0000000            46.0000000              .1050303
525            13.0000000              .0000000            47.0000000              .1050303
526            13.0000000              .0000000            48.0000000              .1050302
527            13.0000000              .0000000            49.0000000              .1050302
528            13.0000000              .0000000            50.0000000              .1050300
529            13.0000000              .0000000            51.0000000              .1050299
530            13.0000000              .0000000            52.0000000              .1050297
531            13.0000000              .0000000            53.0000000              .1050295
532            13.0000000              .0000000            54.0000000              .1050292
533            13.0000000              .0000000            55.0000000              .1050289
534            13.0000000              .0000000            56.0000000              .1050286
535            13.0000000              .0000000            57.0000000              .1050281
536            13.0000000              .0000000            58.0000000              .1050277
537            13.0000000              .0000000            59.0000000              .1050270
538            13.0000000              .0000000            60.0000000              .1050264
539            13.0000000              .0000000            61.0000000              .1050255
540            13.0000000              .0000000            62.0000000              .1050246
541            13.0000000              .0000000            63.0000000              .1050233
542            13.0000000              .0000000            64.0000000              .1050221
543            13.0000000              .0000000            65.0000000              .1050204
544            13.0000000              .0000000            66.0000000              .1050187
545            13.0000000              .0000000            67.0000000              .1050165
546            13.0000000              .0000000            68.0000000              .1050141
547            13.0000000              .0000000            69.0000000              .1050113
548            13.0000000              .0000000            70.0000000              .1050081
549            13.0000000              .0000000            71.0000000              .1050044
550            13.0000000              .0000000            72.0000000              .1050001
551            13.0000000              .0000000            73.0000000              .1049954
552            13.0000000              .0000000            74.0000000              .1049898
553            13.0000000              .0000000            75.0000000              .1049839
554            13.0000000              .0000000            76.0000000              .1049768
555            13.0000000              .0000000            77.0000000              .1049693
556            13.0000000              .0000000            78.0000000              .1049606
557            13.0000000              .0000000            79.0000000              .1049515
558            13.0000000              .0000000            80.0000000              .1049412
559            13.0000000              .0000000            81.0000000              .1049308
560            13.0000000              .0000000            82.0000000              .1049191
561            13.0000000              .0000000            83.0000000              .1049078
562            13.0000000              .0000000            84.0000000              .1048956
563            13.0000000              .0000000            85.0000000              .1048842
564            13.0000000              .0000000            86.0000000              .1048731
565            13.0000000              .0000000            87.0000000              .1048640
566            13.0000000              .0000000            88.0000000              .1048554
567            13.0000000              .0000000            89.0000000              .1048522
568            13.0000000              .0000000            90.0000000              .1048492
569            13.0000000              .0000000            91.0000000          1.573671e-05
570            13.0000000              .0000000            92.0000000          1.566794e-05
571            13.0000000              .0000000            93.0000000          1.538411e-05
572            13.0000000              .0000000            94.0000000          1.506927e-05
573            13.0000000              .0000000            95.0000000          1.461075e-05
574            13.0000000            13.0000000           -95.0000000          1.531200e-05
575            13.0000000            13.0000000           -94.0000000          1.568954e-05
576            13.0000000            13.0000000           -93.0000000          1.587618e-05
577            13.0000000            13.0000000           -92.0000000          1.599151e-05
578            13.0000000            13.0000000           -91.0000000              .1048215
579            13.0000000            13.0000000           -90.0000000              .1048239
580            13.0000000            13.0000000           -89.0000000              .1048304
581            13.0000000            13.0000000           -88.0000000              .1048372
582            13.0000000            13.0000000           -87.0000000              .1048469
583            13.0000000            13.0000000           -86.0000000              .1048573
584            13.0000000            13.0000000           -85.0000000              .1048689
585            13.0000000            13.0000000           -84.0000000              .1048804
586            13.0000000            13.0000000           -83.0000000              .1048925
587            13.0000000            13.0000000           -82.0000000              .1049036
588            13.0000000            13.0000000           -81.0000000              .1049149
589            13.0000000            13.0000000           -80.0000000              .1049249
590            13.0000000            13.0000000           -79.0000000              .1049348
591            13.0000000            13.0000000           -78.0000000              .1049433
592            13.0000000            13.0000000           -77.0000000              .1049516
593            13.0000000            13.0000000           -76.0000000              .1049585
594            13.0000000            13.0000000           -75.0000000              .1049653
595            13.0000000            13.0000000           -74.0000000              .1049709
596            13.0000000            13.0000000           -73.0000000              .1049762
597            13.0000000            13.0000000           -72.0000000              .1049806
598            13.0000000            13.0000000           -71.0000000              .1049847
599            13.0000000            13.0000000           -70.0000000              .1049883
600            13.0000000            13.0000000           -69.0000000              .1049914
601            13.0000000            13.0000000           -68.0000000              .1049941
602            13.0000000            13.0000000           -67.0000000              .1049965
603            13.0000000            13.0000000           -66.0000000              .1049986
604            13.0000000            13.0000000           -65.0000000              .1050004
605            13.0000000            13.0000000           -64.0000000              .1050021
606            13.0000000            13.0000000           -63.0000000              .1050034
607            13.0000000            13.0000000           -62.0000000              .1050048
608            13.0000000            13.0000000           -61.0000000              .1050057
609            13.0000000            13.0000000           -60.0000000              .1050067
610            13.0000000            13.0000000           -59.0000000              .1050074
611            13.0000000            13.0000000           -58.0000000              .1050081
612            13.0000000            13.0000000           -57.0000000              .1050087
613            13.0000000            13.0000000           -56.0000000              .1050092
614            13.0000000            13.0000000           -55.0000000              .1050096
615            13.0000000            13.0000000           -54.0000000              .1050100
616            13.0000000            13.0000000           -53.0000000              .1050103
617            13.0000000            13.0000000           -52.0000000              .1050106
618            13.0000000            13.0000000           -51.0000000              .1050108
619            13.0000000            13.0000000           -50.0000000              .1050109
620            13.0000000            13.0000000           -49.0000000              .1050110
621            13.0000000            13.0000000           -48.0000000              .1050111
622            13.0000000            13.0000000           -47.0000000              .1050112
623            13.0000000            13.0000000           -46.0000000              .1050111
624            13.0000000            13.0000000           -45.0000000              .1050111
625            13.0000000            13.0000000           -44.0000000              .1050110
626            13.0000000            13.0000000           -43.0000000              .1050108
627            13.0000000            13.0000000           -42.0000000              .1050107
628            13.0000000            13.0000000           -41.0000000              .1050104
629            13.0000000            13.0000000           -40.0000000              .1050102
630            13.0000000            13.0000000           -39.0000000              .1050098
631            13.0000000            13.0000000           -38.0000000              .1050094
632            13.0000000            13.0000000           -37.0000000              .1050089
633            13.0000000            13.0000000           -36.0000000              .1050084
634            13.0000000            13.0000000           -35.0000000              .1050077
635            13.0000000            13.0000000           -34.0000000              .1050070
636            13.0000000            13.0000000           -33.0000000              .1050060
637            13.0000000            13.0000000           -32.0000000              .1050051
638            13.0000000            13.0000000           -31.0000000              .1050039
639            13.0000000            13.0000000           -30.0000000              .1050026
640            13.0000000            13.0000000           -29.0000000              .1050010
641            13.0000000            13.0000000           -28.0000000              .1049993
642            13.0000000            13.0000000           -27.0000000              .1049973
643            13.0000000            13.0000000           -26.0000000              .1049950
644            13.0000000            13.0000000           -25.0000000              .1049924
645            13.0000000            13.0000000           -24.0000000              .1049893
646            13.0000000            13.0000000           -23.0000000              .1049860
647            13.0000000            13.0000000           -22.0000000              .1049820
648            13.0000000            13.0000000           -21.0000000              .1049777
649            13.0000000            13.0000000           -20.0000000              .1049726
650            13.0000000            13.0000000           -19.0000000              .1049672
651            13.0000000            13.0000000           -18.0000000              .1049607
652            13.0000000            13.0000000           -17.0000000              .1049540
653            13.0000000            13.0000000           -16.0000000              .1049459
654            13.0000000            13.0000000           -15.0000000              .1049378
655            13.0000000            13.0000000           -14.0000000              .1049280
656            13.0000000            13.0000000           -13.0000000              .1049184
657            13.0000000            13.0000000           -12.0000000              .1049073
658            13.0000000            13.0000000           -11.0000000              .1048964
659            13.0000000            13.0000000           -10.0000000              .1048846
660            13.0000000            13.0000000            -9.0000000              .1048735
661            13.0000000            13.0000000            -8.0000000              .1048621
662            13.0000000            13.0000000            -7.0000000              .1048522
663            13.0000000            13.0000000            -6.0000000              .1048430
664            13.0000000            13.0000000            -5.0000000              .1048367
665            13.0000000            13.0000000            -4.0000000              .1048307
666            13.0000000            13.0000000            -3.0000000              .1048265
667            13.0000000            13.0000000            -2.0000000          2.021358e-05
668            13.0000000            13.0000000            -1.0000000          2.021027e-05
669            13.0000000            13.0000000              .0000000          2.020506e-05
670            13.0000000            13.0000000             1.0000000          2.019743e-05
671            13.0000000            13.0000000             2.0000000              .1048257
672            13.0000000            13.0000000             3.0000000              .1048279
673            13.0000000            13.0000000             4.0000000              .1048297
674            13.0000000            13.0000000             5.0000000              .1048383
675            13.0000000            13.0000000             6.0000000              .1048474
676            13.0000000            13.0000000             7.0000000              .1048588
677            13.0000000            13.0000000             8.0000000              .1048702
678            13.0000000            13.0000000             9.0000000              .1048824
679            13.0000000            13.0000000            10.0000000              .1048940
680            13.0000000            13.0000000            11.0000000              .1049058
681            13.0000000            13.0000000            12.0000000              .1049165
682            13.0000000            13.0000000            13.0000000              .1049273
683            13.0000000            13.0000000            14.0000000              .1049365
684            13.0000000            13.0000000            15.0000000              .1049457
685            13.0000000            13.0000000            16.0000000              .1049534
686            13.0000000            13.0000000            17.0000000              .1049610
687            13.0000000            13.0000000            18.0000000              .1049672
688            13.0000000            13.0000000            19.0000000              .1049732
689            13.0000000            13.0000000            20.0000000              .1049782
690            13.0000000            13.0000000            21.0000000              .1049829
691            13.0000000            13.0000000            22.0000000              .1049868
692            13.0000000            13.0000000            23.0000000              .1049904
693            13.0000000            13.0000000            24.0000000              .1049935
694            13.0000000            13.0000000            25.0000000              .1049962
695            13.0000000            13.0000000            26.0000000              .1049986
696            13.0000000            13.0000000            27.0000000              .1050006
697            13.0000000            13.0000000            28.0000000              .1050024
698            13.0000000            13.0000000            29.0000000              .1050040
699            13.0000000            13.0000000            30.0000000              .1050054
700            13.0000000            13.0000000            31.0000000              .1050065
701            13.0000000            13.0000000            32.0000000              .1050077
702            13.0000000            13.0000000            33.0000000              .1050084
703            13.0000000            13.0000000            34.0000000              .1050093
704            13.0000000            13.0000000            35.0000000              .1050098
705            13.0000000            13.0000000            36.0000000              .1050104
706            13.0000000            13.0000000            37.0000000              .1050108
707            13.0000000            13.0000000            38.0000000              .1050113
708            13.0000000            13.0000000            39.0000000              .1050116
709            13.0000000            13.0000000            40.0000000              .1050119
710            13.0000000            13.0000000            41.0000000              .1050121
711            13.0000000            13.0000000            42.0000000              .1050122
712            13.0000000            13.0000000            43.0000000              .1050124
713            13.0000000            13.0000000            44.0000000              .1050124
714            13.0000000            13.0000000            45.0000000              .1050125
715            13.0000000            13.0000000            46.0000000              .1050125
716            13.0000000            13.0000000            47.0000000              .1050125
717            13.0000000            13.0000000            48.0000000              .1050124
718            13.0000000            13.0000000            49.0000000              .1050122
719            13.0000000            13.0000000            50.0000000              .1050121
720            13.0000000            13.0000000            51.0000000              .1050118
721            13.0000000            13.0000000            52.0000000              .1050116
722            13.0000000            13.0000000            53.0000000              .1050113
723            13.0000000            13.0000000            54.0000000              .1050109
724            13.0000000            13.0000000            55.0000000              .1050104
725            13.0000000            13.0000000            56.0000000              .1050100
726            13.0000000            13.0000000            57.0000000              .1050093
727            13.0000000            13.0000000            58.0000000              .1050087
728            13.0000000            13.0000000            59.0000000              .1050079
729            13.0000000            13.0000000            60.0000000              .1050071
730            13.0000000            13.0000000            61.0000000              .1050060
731            13.0000000            13.0000000            62.0000000              .1050048
732            13.0000000            13.0000000            63.0000000              .1050034
733            13.0000000            13.0000000            64.0000000              .1050019
734            13.0000000            13.0000000            65.0000000              .1050001
735            13.0000000            13.0000000            66.0000000              .1049981
736            13.0000000            13.0000000            67.0000000              .1049957
737            13.0000000            13.0000000            68.0000000              .1049931
738            13.0000000            13.0000000            69.0000000              .1049901
739            13.0000000            13.0000000            70.0000000              .1049866
740            13.0000000            13.0000000            71.0000000              .1049827
741            13.0000000            13.0000000            72.0000000              .1049782
742            13.0000000            13.0000000            73.0000000              .1049733
743            13.0000000            13.0000000            74.0000000              .1049676
744            13.0000000            13.0000000            75.0000000              .1049614
745            13.0000000            13.0000000            76.0000000              .1049541
746            13.0000000            13.0000000            77.0000000              .1049466
747            13.0000000            13.0000000            78.0000000              .1049377
748            13.0000000            13.0000000            79.0000000              .1049289
749            13.0000000            13.0000000            80.0000000              .1049182
750            13.0000000            13.0000000            81.0000000              .1049079
751            13.0000000            13.0000000            82.0000000              .1048961
752            13.0000000            13.0000000            83.0000000              .1048849
753            13.0000000            13.0000000            84.0000000              .1048730
754            13.0000000            13.0000000            85.0000000              .1048620
755            13.0000000            13.0000000            86.0000000              .1048511
756            13.0000000            13.0000000            87.0000000              .1048423
757            13.0000000            13.0000000            88.0000000              .1048351
758            13.0000000            13.0000000            89.0000000              .1048310
759            13.0000000            13.0000000            90.0000000              .1048277
760            13.0000000            13.0000000            91.0000000          1.581969e-05
761            13.0000000            13.0000000            92.0000000          1.560823e-05
762            13.0000000            13.0000000            93.0000000          1.537176e-05
763            13.0000000            13.0000000            94.0000000          1.512077e-05
764            13.0000000            13.0000000            95.0000000          1.464652e-05
