B (T)
Y = 0
Pid = 1
t = 0
                        X                     Z                Re B x                Im B x                Re B y                Im B y                Re B z                Im B z
  1            -5.0000000              .0000000          2.634209e-19         -1.308898e-21         -2.030001e-24          1.813962e-25          1.808856e-03         -8.741763e-06
  2            -5.0000000             1.0000000         -3.950349e-06         -1.164293e-08         -2.039017e-09          1.673513e-10          1.807988e-03         -8.744426e-06
  3            -5.0000000             2.0000000         -7.925510e-06         -2.268744e-08         -4.648227e-09          3.559528e-10          1.805264e-03         -8.749759e-06
  4            -5.0000000             3.0000000         -1.192548e-05         -3.313354e-08         -7.827629e-09          5.658044e-10          1.800682e-03         -8.757762e-06
  5            -5.0000000             4.0000000         -1.594478e-05         -4.334319e-08         -1.525942e-08          8.101053e-10          1.794252e-03         -8.768512e-06
  6            -5.0000000             5.0000000         -2.002803e-05         -5.195921e-08         -2.552554e-08          9.930443e-10          1.785995e-03         -8.782681e-06
  7            -5.0000000             6.0000000         -2.421342e-05         -5.769577e-08          4.695567e-09          5.445707e-10          1.775795e-03         -8.796682e-06
  8            -5.0000000             7.0000000         -2.844041e-05         -6.259965e-08          1.224673e-08          5.060237e-10          1.763692e-03         -8.812926e-06
  9            -5.0000000             8.0000000         -3.278790e-05         -6.440853e-08          2.046991e-08          4.320070e-10          1.749603e-03         -8.828560e-06
 10            -5.0000000             9.0000000         -3.725588e-05         -6.312242e-08          2.936509e-08          3.225205e-10          1.733529e-03         -8.843584e-06
 11            -5.0000000            10.0000000         -4.184435e-05         -5.874130e-08          3.893228e-08          1.775642e-10          1.715470e-03         -8.857996e-06
 12            -5.0000000            11.0000000         -4.649304e-05         -5.227241e-08          1.367048e-08          1.253698e-09          1.695140e-03         -8.863846e-06
 13            -5.0000000            12.0000000         -5.129818e-05         -4.231144e-08          1.736747e-08          1.290292e-09          1.672848e-03         -8.869171e-06
 14            -5.0000000            13.0000000         -5.631436e-05         -2.477474e-08          2.285054e-08          1.175503e-09          1.648233e-03         -8.864476e-06
 15            -5.0000000            14.0000000         -6.144380e-05         -3.167679e-09          5.530702e-08          4.702849e-11          1.621352e-03         -8.851363e-06
 16            -5.0000000            15.0000000         -6.660112e-05          1.957496e-08          2.050748e-08          1.787827e-09          1.592277e-03         -8.832122e-06
 17            -5.0000000            16.0000000         -7.191062e-05          4.844769e-08          3.316213e-08          1.586608e-09          1.560877e-03         -8.801227e-06
 18            -5.0000000            17.0000000         -7.732789e-05          8.266614e-08          3.477441e-08          1.889675e-09          1.527040e-03         -8.757116e-06
 19            -5.0000000            18.0000000         -8.283923e-05          1.240111e-07          4.982009e-08          7.966714e-10          1.490652e-03         -8.686795e-06
 20            -5.0000000            19.0000000         -8.838463e-05          1.668511e-07          4.025705e-08          5.285665e-10          1.451891e-03         -8.599718e-06
 21            -5.0000000            20.0000000         -9.387594e-05          2.132418e-07          4.801397e-08          2.307234e-09          1.410468e-03         -8.499809e-06
 22            -5.0000000            21.0000000         -9.945212e-05          2.635708e-07         -1.407433e-07          5.048890e-09          1.366807e-03         -8.377332e-06
 23            -5.0000000            22.0000000         -1.051268e-04          3.211762e-07         -6.899350e-08          3.572078e-09          1.320962e-03         -8.236331e-06
 24            -5.0000000            23.0000000         -1.106769e-04          3.826834e-07         -7.723103e-10          2.802538e-09          1.272496e-03         -8.065826e-06
 25            -5.0000000            24.0000000         -1.161024e-04          4.480926e-07          6.392029e-08          2.740269e-09          1.221410e-03         -7.865817e-06
 26            -5.0000000            25.0000000         -1.214034e-04          5.174037e-07          1.250843e-07          3.385272e-09          1.167703e-03         -7.636304e-06
 27            -5.0000000            26.0000000         -1.261836e-04          5.790103e-07          1.100468e-07          5.856660e-09          1.112291e-03         -7.391513e-06
 28            -5.0000000            27.0000000         -1.308961e-04          6.458960e-07         -9.455569e-08          4.602353e-09          1.054628e-03         -7.113668e-06
 29            -5.0000000            28.0000000         -1.353683e-04          7.132776e-07         -5.277803e-08          4.618625e-09          9.951870e-04         -6.808626e-06
 30            -5.0000000            29.0000000         -1.396409e-04          7.801695e-07         -1.657088e-08          4.223289e-09          9.334983e-04         -6.473848e-06
 31            -5.0000000            30.0000000         -1.433784e-04          8.453640e-07         -3.105683e-08          4.367689e-09          8.700242e-04         -6.111962e-06
 32            -5.0000000            31.0000000         -1.467353e-04          9.073255e-07         -7.313830e-08          4.760044e-09          8.050781e-04         -5.724800e-06
 33            -5.0000000            32.0000000         -1.497589e-04          9.668284e-07         -6.156882e-09          3.548793e-09          7.388803e-04         -5.315164e-06
 34            -5.0000000            33.0000000         -1.522603e-04          1.022519e-06          1.566783e-08          3.141250e-09          6.714770e-04         -4.882786e-06
 35            -5.0000000            34.0000000         -1.545478e-04          1.074885e-06          3.537587e-08          3.296450e-09          6.030491e-04         -4.427307e-06
 36            -5.0000000            35.0000000         -1.563792e-04          1.121296e-06          1.088501e-07          3.182769e-09          5.337553e-04         -3.953777e-06
 37            -5.0000000            36.0000000         -1.579090e-04          1.163390e-06          3.350850e-08          3.724247e-09          4.635729e-04         -3.461348e-06
 38            -5.0000000            37.0000000         -1.589963e-04          1.198914e-06          3.900495e-08          3.185478e-09          3.930629e-04         -2.956516e-06
 39            -5.0000000            38.0000000         -1.598709e-04          1.228733e-06          9.340580e-08          1.495585e-09          3.219423e-04         -2.433446e-06
 40            -5.0000000            39.0000000         -1.605716e-04          1.253340e-06          1.115075e-07          8.055809e-10          2.506731e-04         -1.904619e-06
 41            -5.0000000            40.0000000         -1.610984e-04          1.272735e-06          9.331019e-08          1.115466e-09          1.792552e-04         -1.370038e-06
 42            -5.0000000            41.0000000         -1.614512e-04          1.286920e-06          3.881374e-08          2.425240e-09          1.076887e-04         -8.297010e-07
 43            -5.0000000            42.0000000         -1.616232e-04          1.295145e-06         -5.796254e-08          5.845430e-09          3.597801e-05         -2.832710e-07
 44            -5.0000000            43.0000000          5.405923e-08         -1.407247e-09         -3.627585e-10         -3.386561e-11          2.886224e-11         -5.400373e-13
 45            -5.0000000            44.0000000          5.404758e-08         -1.406705e-09         -3.039640e-10         -3.413893e-11         -6.637817e-09          1.739938e-10
 46            -5.0000000            45.0000000          5.398931e-08         -1.405549e-09         -3.279231e-10         -3.339928e-11         -1.322213e-08          3.476178e-10
 47            -5.0000000            46.0000000          5.390203e-08         -1.403331e-09         -3.416330e-10         -3.331086e-11         -1.977788e-08          5.200976e-10
 48            -5.0000000            47.0000000          5.378573e-08         -1.400052e-09         -3.450937e-10         -3.387369e-11         -2.630507e-08          6.914332e-10
 49            -5.0000000            48.0000000          5.362586e-08         -1.396435e-09         -3.504763e-10         -3.280805e-11         -3.273850e-08          8.612237e-10
 50            -5.0000000            49.0000000          5.344387e-08         -1.391793e-09         -3.356322e-10         -3.301664e-11         -3.909121e-08          1.027555e-09
 51            -5.0000000            50.0000000          5.322627e-08         -1.386444e-09         -3.390765e-10         -3.235764e-11         -4.536591e-08          1.192672e-09
 52            -5.0000000            51.0000000          5.297006e-08         -1.380032e-09         -3.513148e-10         -3.187722e-11         -5.149090e-08          1.353854e-09
 53            -5.0000000            52.0000000          5.267346e-08         -1.372543e-09         -3.512040e-10         -3.200927e-11         -5.749790e-08          1.512037e-09
 54            -5.0000000            53.0000000          5.236139e-08         -1.364753e-09         -3.139853e-10         -3.270009e-11         -6.336531e-08          1.666406e-09
 55            -5.0000000            54.0000000          5.201837e-08         -1.356177e-09         -3.706637e-10         -3.078044e-11         -6.910780e-08          1.817409e-09
 56            -5.0000000            55.0000000          5.163853e-08         -1.346631e-09         -3.357475e-10         -3.091110e-11         -7.460901e-08          1.962589e-09
 57            -5.0000000            56.0000000          5.123543e-08         -1.336543e-09         -3.291368e-10         -3.051222e-11         -7.995573e-08          2.103672e-09
 58            -5.0000000            57.0000000          5.079585e-08         -1.325664e-09         -3.225198e-10         -3.006289e-11         -8.511898e-08          2.240222e-09
 59            -5.0000000            58.0000000          5.033372e-08         -1.314049e-09         -3.173156e-10         -2.972506e-11         -9.011752e-08          2.372338e-09
 60            -5.0000000            59.0000000          4.987105e-08         -1.302460e-09         -3.182164e-10         -2.935985e-11         -9.486713e-08          2.498140e-09
 61            -5.0000000            60.0000000          4.937067e-08         -1.290024e-09         -3.042936e-10         -2.934195e-11         -9.939869e-08          2.618322e-09
 62            -5.0000000            61.0000000          4.883847e-08         -1.276823e-09         -3.032451e-10         -2.880469e-11         -1.037242e-07          2.733104e-09
 63            -5.0000000            62.0000000          4.828555e-08         -1.263075e-09         -3.014912e-10         -2.822961e-11         -1.078261e-07          2.841782e-09
 64            -5.0000000            63.0000000          4.771686e-08         -1.248758e-09         -2.996337e-10         -2.762041e-11         -1.117334e-07          2.945582e-09
 65            -5.0000000            64.0000000          4.713753e-08         -1.233961e-09         -3.023360e-10         -2.676938e-11         -1.153971e-07          3.042981e-09
 66            -5.0000000            65.0000000          4.653012e-08         -1.218579e-09         -3.032982e-10         -2.621798e-11         -1.187998e-07          3.134084e-09
 67            -5.0000000            66.0000000          4.591624e-08         -1.202944e-09         -3.003280e-10         -2.576795e-11         -1.219889e-07          3.219432e-09
 68            -5.0000000            67.0000000          4.528576e-08         -1.186932e-09         -2.934260e-10         -2.534916e-11         -1.249573e-07          3.298899e-09
 69            -5.0000000            68.0000000          4.463869e-08         -1.170543e-09         -2.825923e-10         -2.496159e-11         -1.277051e-07          3.372484e-09
 70            -5.0000000            69.0000000          4.397502e-08         -1.153776e-09         -2.678268e-10         -2.460526e-11         -1.302321e-07          3.440188e-09
 71            -5.0000000            70.0000000          4.331401e-08         -1.136719e-09         -2.763517e-10         -2.419963e-11         -1.325103e-07          3.501899e-09
 72            -5.0000000            71.0000000          4.264124e-08         -1.119626e-09         -2.725627e-10         -2.376305e-11         -1.345741e-07          3.557631e-09
 73            -5.0000000            72.0000000          4.195880e-08         -1.102310e-09         -2.722629e-10         -2.314137e-11         -1.364429e-07          3.608368e-09
 74            -5.0000000            73.0000000          4.127332e-08         -1.084876e-09         -2.631186e-10         -2.286050e-11         -1.380959e-07          3.653506e-09
 75            -5.0000000            74.0000000          4.057209e-08         -1.067180e-09         -2.707826e-10         -2.215280e-11         -1.395203e-07          3.692883e-09
 76            -5.0000000            75.0000000          3.988007e-08         -1.049723e-09         -2.457928e-10         -2.248600e-11         -1.407766e-07          3.727707e-09
 77            -5.0000000            76.0000000          3.917293e-08         -1.031753e-09         -2.545116e-10         -2.193693e-11         -1.418182e-07          3.756898e-09
 78            -5.0000000            77.0000000          3.846867e-08         -1.013690e-09         -2.545995e-10         -2.149408e-11         -1.426836e-07          3.781357e-09
 79            -5.0000000            78.0000000          3.776727e-08         -9.955332e-10         -2.460563e-10         -2.115746e-11         -1.433728e-07          3.801085e-09
 80            -5.0000000            79.0000000          3.707217e-08         -9.774560e-10         -2.335939e-10         -2.081879e-11         -1.438820e-07          3.816023e-09
 81            -5.0000000            80.0000000          3.637062e-08         -9.592338e-10         -2.272629e-10         -2.034857e-11         -1.442327e-07          3.826965e-09
 82            -5.0000000            81.0000000          3.567289e-08         -9.413084e-10         -2.250439e-10         -1.974919e-11         -1.444025e-07          3.833068e-09
 83           -15.0000000              .0000000              .0000000              .0000000              .0000000              .0000000          1.882476e-03         -8.404078e-06
 84           -15.0000000             1.0000000         -1.029622e-05         -6.464682e-08          6.252779e-09          1.559294e-11          1.881899e-03         -8.411548e-06
 85           -15.0000000             2.0000000         -2.056653e-05         -1.297732e-07         -6.950231e-09          3.582489e-10          1.879671e-03         -8.426314e-06
 86           -15.0000000             3.0000000         -3.101991e-05         -1.916177e-07         -5.694142e-09          4.209159e-10          1.875910e-03         -8.450450e-06
 87           -15.0000000             4.0000000         -4.166219e-05         -2.505815e-07          5.308400e-09          3.481656e-10          1.870695e-03         -8.485020e-06
 88           -15.0000000             5.0000000         -5.249335e-05         -3.066649e-07          2.605740e-08          1.399979e-10          1.864026e-03         -8.530025e-06
 89           -15.0000000             6.0000000         -6.358030e-05         -3.580375e-07          3.469609e-08          2.297793e-10          1.855616e-03         -8.582225e-06
 90           -15.0000000             7.0000000         -7.501281e-05         -4.033553e-07         -3.615084e-08          1.518346e-09          1.845638e-03         -8.643364e-06
 91           -15.0000000             8.0000000         -8.685186e-05         -4.415831e-07         -5.838950e-08          2.140874e-09          1.834021e-03         -8.713493e-06
 92           -15.0000000             9.0000000         -9.912144e-05         -4.715072e-07         -3.094430e-08          1.440951e-09          1.820642e-03         -8.789551e-06
 93           -15.0000000            10.0000000         -1.118293e-04         -4.930532e-07          5.679170e-09         -7.401359e-10          1.805324e-03         -8.871286e-06
 94           -15.0000000            11.0000000         -1.250993e-04         -5.020142e-07          2.021817e-07         -1.128776e-09          1.788142e-03         -8.953131e-06
 95           -15.0000000            12.0000000         -1.386410e-04         -5.028607e-07         -2.590513e-07          6.341902e-09          1.769463e-03         -9.050888e-06
 96           -15.0000000            13.0000000         -1.533315e-04         -4.810354e-07         -1.875413e-07          6.633013e-09          1.748020e-03         -9.138455e-06
 97           -15.0000000            14.0000000         -1.685212e-04         -4.454191e-07         -9.077660e-08          5.939737e-09          1.724377e-03         -9.222034e-06
 98           -15.0000000            15.0000000         -1.842101e-04         -3.960118e-07          3.124277e-08          4.262073e-09          1.698533e-03         -9.301624e-06
 99           -15.0000000            16.0000000         -2.005275e-04         -3.264534e-07          1.670062e-07         -1.538772e-09          1.670573e-03         -9.388488e-06
100           -15.0000000            17.0000000         -2.174973e-04         -2.413480e-07          1.310263e-07         -8.160231e-10          1.639846e-03         -9.457584e-06
101           -15.0000000            18.0000000         -2.351788e-04         -1.338239e-07          6.112505e-08         -1.676260e-09          1.606430e-03         -9.519693e-06
102           -15.0000000            19.0000000         -2.536007e-04         -2.190490e-09          2.752178e-07          1.240230e-09          1.569319e-03         -9.542400e-06
103           -15.0000000            20.0000000         -2.726449e-04          1.548337e-07          2.273825e-07         -7.388387e-10          1.530264e-03         -9.564936e-06
104           -15.0000000            21.0000000         -2.921724e-04          3.359686e-07          1.780184e-07         -1.308980e-09          1.487630e-03         -9.557377e-06
105           -15.0000000            22.0000000         -3.115394e-04          5.274474e-07         -3.035021e-07          1.253113e-08          1.442152e-03         -9.539127e-06
106           -15.0000000            23.0000000         -3.313741e-04          7.532327e-07         -4.607711e-08          9.595133e-09          1.391832e-03         -9.440068e-06
107           -15.0000000            24.0000000         -3.509849e-04          9.882852e-07          1.486942e-07          6.964153e-09          1.338887e-03         -9.311659e-06
108           -15.0000000            25.0000000         -3.702194e-04          1.243407e-06         -1.040351e-07          1.569255e-09          1.282428e-03         -9.163482e-06
109           -15.0000000            26.0000000         -3.896340e-04          1.513643e-06         -2.265991e-07          3.899982e-09          1.222655e-03         -8.962614e-06
110           -15.0000000            27.0000000         -4.082408e-04          1.792445e-06         -7.600638e-07          1.228609e-08          1.158490e-03         -8.701056e-06
111           -15.0000000            28.0000000         -4.260421e-04          2.078744e-06          4.626456e-07         -4.384212e-09          1.091075e-03         -8.375378e-06
112           -15.0000000            29.0000000         -4.422842e-04          2.363897e-06         -1.762043e-07          3.429502e-09          1.021290e-03         -8.026249e-06
113           -15.0000000            30.0000000         -4.564264e-04          2.637418e-06         -3.814593e-07          5.020198e-09          9.478603e-04         -7.613080e-06
114           -15.0000000            31.0000000         -4.679568e-04          2.888229e-06         -4.419501e-07          9.651874e-09          8.716739e-04         -7.158200e-06
115           -15.0000000            32.0000000         -4.770285e-04          3.125245e-06          1.286527e-07          4.022865e-09          7.934840e-04         -6.642948e-06
116           -15.0000000            33.0000000         -4.841835e-04          3.344192e-06          5.312279e-07         -4.744262e-10          7.150795e-04         -6.103391e-06
117           -15.0000000            34.0000000         -4.893847e-04          3.544764e-06         -8.094754e-07          8.231746e-09          6.365315e-04         -5.540110e-06
118           -15.0000000            35.0000000         -4.927498e-04          3.727796e-06         -9.023278e-07          9.646210e-09          5.576997e-04         -4.952175e-06
119           -15.0000000            36.0000000         -4.914988e-04          3.862390e-06          3.875146e-07         -9.304807e-09          4.775034e-04         -4.316315e-06
120           -15.0000000            37.0000000         -4.901901e-04          3.989840e-06         -2.874396e-07          1.817893e-09          4.008057e-04         -3.683339e-06
121           -15.0000000            38.0000000         -4.876945e-04          4.094681e-06         -1.678454e-08         -5.431526e-10          3.239014e-04         -3.033561e-06
122           -15.0000000            39.0000000         -4.842237e-04          4.180494e-06          4.049367e-08         -1.028503e-09          2.502158e-04         -2.370276e-06
123           -15.0000000            40.0000000         -4.817259e-04          4.243707e-06         -6.416794e-08         -2.508202e-09          1.774850e-04         -1.701471e-06
124           -15.0000000            41.0000000         -4.800611e-04          4.284642e-06         -2.990386e-08         -2.493992e-09          1.057823e-04         -1.026333e-06
125           -15.0000000            42.0000000         -4.787720e-04          4.303878e-06          2.425639e-08         -7.382770e-10          3.522924e-05         -3.442132e-07
126           -15.0000000            43.0000000          1.661993e-07         -4.366297e-09         -3.548422e-10         -3.073304e-11          9.102068e-12          5.466457e-13
127           -15.0000000            44.0000000          1.661384e-07         -4.364628e-09         -3.554566e-10         -3.144895e-11         -5.877863e-09          1.561687e-10
128           -15.0000000            45.0000000          1.659694e-07         -4.361228e-09         -3.636602e-10         -3.092488e-11         -1.173966e-08          3.098058e-10
129           -15.0000000            46.0000000          1.656606e-07         -4.353369e-09         -3.455516e-10         -3.190225e-11         -1.758418e-08          4.637557e-10
130           -15.0000000            47.0000000          1.652524e-07         -4.343006e-09         -3.396829e-10         -3.201408e-11         -2.332049e-08          6.158157e-10
131           -15.0000000            48.0000000          1.647543e-07         -4.329740e-09         -3.444237e-10         -3.142414e-11         -2.906518e-08          7.676553e-10
132           -15.0000000            49.0000000          1.640989e-07         -4.312863e-09         -3.561328e-10         -3.078114e-11         -3.475224e-08          9.176265e-10
133           -15.0000000            50.0000000          1.633464e-07         -4.293748e-09         -3.627199e-10         -3.024489e-11         -4.031632e-08          1.064707e-09
134           -15.0000000            51.0000000          1.624932e-07         -4.272128e-09         -3.388133e-10         -3.086523e-11         -4.575711e-08          1.208726e-09
135           -15.0000000            52.0000000          1.615523e-07         -4.247788e-09         -3.324597e-10         -3.000729e-11         -5.111683e-08          1.350354e-09
136           -15.0000000            53.0000000          1.604899e-07         -4.220551e-09         -3.348410e-10         -2.955703e-11         -5.632617e-08          1.488242e-09
137           -15.0000000            54.0000000          1.593124e-07         -4.190563e-09         -3.728150e-10         -2.878490e-11         -6.146428e-08          1.623943e-09
138           -15.0000000            55.0000000          1.580400e-07         -4.157690e-09         -3.211319e-10         -2.967029e-11         -6.640171e-08          1.754695e-09
139           -15.0000000            56.0000000          1.566918e-07         -4.122897e-09         -3.774460e-10         -2.777337e-11         -7.116401e-08          1.880868e-09
140           -15.0000000            57.0000000          1.552494e-07         -4.085740e-09         -3.847404e-10         -2.711491e-11         -7.576420e-08          2.002792e-09
141           -15.0000000            58.0000000          1.537168e-07         -4.046325e-09         -3.768656e-10         -2.681393e-11         -8.020076e-08          2.120426e-09
142           -15.0000000            59.0000000          1.520941e-07         -4.004653e-09         -3.538219e-10         -2.687041e-11         -8.447369e-08          2.233771e-09
143           -15.0000000            60.0000000          1.504274e-07         -3.961536e-09         -3.295002e-10         -2.709401e-11         -8.855645e-08          2.342464e-09
144           -15.0000000            61.0000000          1.487046e-07         -3.917580e-09         -3.043718e-10         -2.744424e-11         -9.245860e-08          2.446000e-09
145           -15.0000000            62.0000000          1.469303e-07         -3.872221e-09         -2.667049e-10         -2.814186e-11         -9.615975e-08          2.544393e-09
146           -15.0000000            63.0000000          1.450844e-07         -3.824816e-09         -3.320900e-10         -2.577896e-11         -9.969560e-08          2.639021e-09
147           -15.0000000            64.0000000          1.431503e-07         -3.774911e-09         -3.420836e-10         -2.488868e-11         -1.029620e-07          2.726191e-09
148           -15.0000000            65.0000000          1.411740e-07         -3.723914e-09         -3.492961e-10         -2.406372e-11         -1.060453e-07          2.808558e-09
149           -15.0000000            66.0000000          1.391556e-07         -3.671825e-09         -3.537275e-10         -2.330409e-11         -1.089455e-07          2.886122e-09
150           -15.0000000            67.0000000          1.370951e-07         -3.618645e-09         -3.553780e-10         -2.260978e-11         -1.116625e-07          2.958885e-09
151           -15.0000000            68.0000000          1.349924e-07         -3.564373e-09         -3.542474e-10         -2.198079e-11         -1.141963e-07          3.026845e-09
152           -15.0000000            69.0000000          1.328475e-07         -3.509009e-09         -3.503358e-10         -2.141713e-11         -1.165471e-07          3.090004e-09
153           -15.0000000            70.0000000          1.307356e-07         -3.454067e-09         -3.042944e-10         -2.272030e-11         -1.186427e-07          3.146907e-09
154           -15.0000000            71.0000000          1.285900e-07         -3.398777e-09         -2.878400e-10         -2.248376e-11         -1.205350e-07          3.197884e-09
155           -15.0000000            72.0000000          1.264227e-07         -3.342906e-09         -2.695037e-10         -2.227451e-11         -1.222093e-07          3.243072e-09
156           -15.0000000            73.0000000          1.242143e-07         -3.285675e-09         -1.276395e-10         -2.638556e-11         -1.238136e-07          3.287199e-09
157           -15.0000000            74.0000000          1.220011e-07         -3.228288e-09         -2.196517e-10         -2.334843e-11         -1.251613e-07          3.324071e-09
158           -15.0000000            75.0000000          1.197852e-07         -3.170815e-09         -2.834081e-10         -2.105235e-11         -1.263577e-07          3.356940e-09
159           -15.0000000            76.0000000          1.175667e-07         -3.113256e-09         -3.189090e-10         -1.949732e-11         -1.274028e-07          3.385806e-09
160           -15.0000000            77.0000000          1.153456e-07         -3.055611e-09         -3.261541e-10         -1.868335e-11         -1.282966e-07          3.410670e-09
161           -15.0000000            78.0000000          1.131218e-07         -2.997880e-09         -3.051436e-10         -1.861043e-11         -1.290391e-07          3.431531e-09
162           -15.0000000            79.0000000          1.109362e-07         -2.941055e-09         -2.968497e-10         -1.838951e-11         -1.295782e-07          3.447226e-09
163           -15.0000000            80.0000000          1.087442e-07         -2.884184e-09         -2.643118e-10         -1.866213e-11         -1.299492e-07          3.458447e-09
164           -15.0000000            81.0000000          1.065561e-07         -2.827502e-09         -2.191914e-10         -1.910858e-11         -1.301439e-07          3.464966e-09
165           -25.0000000              .0000000              .0000000              .0000000              .0000000              .0000000          1.996589e-03         -7.243069e-06
166           -25.0000000             1.0000000         -1.134678e-05         -1.718987e-07          7.243727e-09         -1.033897e-08          1.996308e-03         -7.237220e-06
167           -25.0000000             2.0000000         -2.278773e-05         -3.544490e-07         -1.909366e-08         -1.163124e-08          1.995245e-03         -7.242926e-06
168           -25.0000000             3.0000000         -3.455325e-05         -5.351528e-07          2.629399e-08         -1.469955e-08          1.993846e-03         -7.269683e-06
169           -25.0000000             4.0000000         -4.646927e-05         -7.255567e-07          4.356077e-08         -3.545799e-08          1.990984e-03         -7.313335e-06
170           -25.0000000             5.0000000         -5.877027e-05         -9.355090e-07         -2.151057e-07         -1.963233e-08          1.987647e-03         -7.380447e-06
171           -25.0000000             6.0000000         -7.151910e-05         -1.140180e-06         -2.755876e-08         -4.589196e-09          1.983555e-03         -7.487416e-06
172           -25.0000000             7.0000000         -8.479540e-05         -1.330440e-06         -2.382483e-08         -4.582830e-09          1.978689e-03         -7.617730e-06
173           -25.0000000             8.0000000         -9.884689e-05         -1.506453e-06         -4.305946e-08         -5.406243e-09          1.972918e-03         -7.772397e-06
174           -25.0000000             9.0000000         -1.137737e-04         -1.670004e-06         -1.281903e-07         -2.753397e-08          1.966423e-03         -7.923040e-06
175           -25.0000000            10.0000000         -1.292567e-04         -1.836138e-06          1.343084e-07         -2.758398e-08          1.958834e-03         -8.147031e-06
176           -25.0000000            11.0000000         -1.461243e-04         -1.997436e-06         -3.621011e-08         -2.055738e-08          1.950162e-03         -8.340142e-06
177           -25.0000000            12.0000000         -1.640466e-04         -2.147546e-06         -3.901374e-08         -2.794873e-08          1.940625e-03         -8.582257e-06
178           -25.0000000            13.0000000         -1.834323e-04         -2.276642e-06         -2.378753e-07         -1.872101e-08          1.929940e-03         -8.866988e-06
179           -25.0000000            14.0000000         -2.042098e-04         -2.416070e-06         -5.057610e-08         -5.838167e-08          1.917738e-03         -9.087960e-06
180           -25.0000000            15.0000000         -2.265236e-04         -2.507760e-06          1.179146e-07         -2.744599e-08          1.904515e-03         -9.509406e-06
181           -25.0000000            16.0000000         -2.511182e-04         -2.559315e-06         -6.946926e-08         -1.595437e-08          1.889071e-03         -9.837091e-06
182           -25.0000000            17.0000000         -2.774944e-04         -2.591309e-06         -1.401119e-07         -9.864302e-09          1.872024e-03         -1.022066e-05
183           -25.0000000            18.0000000         -3.062890e-04         -2.587144e-06         -5.238121e-08         -2.247207e-08          1.853319e-03         -1.065448e-05
184           -25.0000000            19.0000000         -3.376943e-04         -2.542393e-06         -1.206397e-07          6.359193e-09          1.832100e-03         -1.112268e-05
185           -25.0000000            20.0000000         -3.722939e-04         -2.424407e-06          4.519616e-08         -4.875285e-08          1.808343e-03         -1.154922e-05
186           -25.0000000            21.0000000         -4.097155e-04         -2.223117e-06         -1.203964e-07         -1.878043e-08          1.781521e-03         -1.207093e-05
187           -25.0000000            22.0000000         -4.506437e-04         -1.914561e-06         -3.820126e-07         -4.042578e-08          1.751546e-03         -1.252655e-05
188           -25.0000000            23.0000000         -4.953336e-04         -1.489455e-06          1.552526e-07         -1.968939e-08          1.716672e-03         -1.304925e-05
189           -25.0000000            24.0000000         -5.439266e-04         -9.467278e-07         -1.519786e-07         -2.651690e-08          1.676622e-03         -1.356391e-05
190           -25.0000000            25.0000000         -5.972631e-04         -2.519813e-07          1.370232e-07         -2.517537e-08          1.631665e-03         -1.401743e-05
191           -25.0000000            26.0000000         -6.546131e-04          5.899241e-07          3.271657e-09         -1.659223e-08          1.578594e-03         -1.435116e-05
192           -25.0000000            27.0000000         -7.163447e-04          1.611127e-06          4.130539e-07          1.889089e-08          1.517680e-03         -1.460130e-05
193           -25.0000000            28.0000000         -7.833417e-04          2.799544e-06          1.046015e-08          1.091092e-07          1.445108e-03         -1.445754e-05
194           -25.0000000            29.0000000         -8.517515e-04          4.236794e-06          4.748394e-07         -3.277555e-08          1.363048e-03         -1.430775e-05
195           -25.0000000            30.0000000         -9.256598e-04          5.699052e-06          4.327738e-08         -2.775406e-09          1.258648e-03         -1.352836e-05
196           -25.0000000            31.0000000         -9.954787e-04          6.943428e-06          5.210043e-07         -5.222828e-08          1.140024e-03         -1.231433e-05
197           -25.0000000            32.0000000         -1.064081e-03          7.960117e-06          3.820609e-08         -1.905642e-07          9.908295e-04         -1.096456e-05
198           -25.0000000            33.0000000         -1.121402e-03          8.370043e-06         -6.337127e-06         -2.467734e-07          8.253480e-04         -9.044601e-06
199           -25.0000000            34.0000000         -1.139085e-03          8.155282e-06         -1.442450e-06         -6.713747e-08          6.306388e-04         -7.249784e-06
200           -25.0000000            35.0000000         -1.127239e-03          7.604871e-06          9.871047e-07         -4.021502e-08          4.335355e-04         -6.160174e-06
201           -25.0000000            36.0000000         -1.061058e-03          7.304401e-06         -3.923315e-07         -1.657097e-07          2.241853e-04         -5.851975e-06
202           -25.0000000            37.0000000         -9.361610e-04          7.901073e-06         -6.769764e-06         -1.512983e-07          8.344367e-05         -5.156864e-06
203           -25.0000000            38.0000000         -8.122706e-04          8.230809e-06          3.606354e-06         -6.491741e-09         -3.325210e-05         -4.659982e-06
204           -25.0000000            39.0000000         -6.883353e-04          8.572716e-06          1.017272e-06         -1.252598e-08         -6.935903e-05         -3.677354e-06
205           -25.0000000            40.0000000         -5.850883e-04          8.833077e-06         -2.019170e-06         -2.149053e-08         -8.074023e-05         -2.665360e-06
206           -25.0000000            41.0000000         -5.204848e-04          9.013574e-06         -1.371045e-06         -9.478706e-09         -5.723655e-05         -1.607180e-06
207           -25.0000000            42.0000000         -4.853047e-04          9.109208e-06          2.312972e-07         -7.910303e-09         -2.093371e-05         -5.480251e-07
208           -25.0000000            43.0000000          2.904686e-07         -7.751167e-09         -3.754333e-10         -2.658551e-11          8.876450e-13          8.629950e-14
209           -25.0000000            44.0000000          2.903498e-07         -7.747972e-09         -3.728520e-10         -2.705707e-11         -4.114657e-09          1.095252e-10
210           -25.0000000            45.0000000          2.899882e-07         -7.737092e-09         -3.727894e-10         -2.677705e-11         -8.204628e-09          2.193714e-10
211           -25.0000000            46.0000000          2.893773e-07         -7.721109e-09         -3.590402e-10         -2.619434e-11         -1.230998e-08          3.257425e-10
212           -25.0000000            47.0000000          2.885063e-07         -7.698712e-09         -3.766901e-10         -2.698405e-11         -1.637407e-08          4.343498e-10
213           -25.0000000            48.0000000          2.874042e-07         -7.669799e-09         -3.800340e-10         -2.725910e-11         -2.039776e-08          5.416225e-10
214           -25.0000000            49.0000000          2.860770e-07         -7.635094e-09         -3.665072e-10         -2.722478e-11         -2.437815e-08          6.469693e-10
215           -25.0000000            50.0000000          2.845219e-07         -7.594145e-09         -3.831848e-10         -2.599757e-11         -2.834544e-08          7.523535e-10
216           -25.0000000            51.0000000          2.827381e-07         -7.546548e-09         -3.599611e-10         -2.554110e-11         -3.221620e-08          8.547670e-10
217           -25.0000000            52.0000000          2.807355e-07         -7.493444e-09         -3.411329e-10         -2.544142e-11         -3.603244e-08          9.556909e-10
218           -25.0000000            53.0000000          2.785313e-07         -7.434687e-09         -3.374516e-10         -2.559687e-11         -3.978361e-08          1.055387e-09
219           -25.0000000            54.0000000          2.761476e-07         -7.371654e-09         -3.502866e-10         -2.517358e-11         -4.344617e-08          1.152349e-09
220           -25.0000000            55.0000000          2.735595e-07         -7.303006e-09         -3.339535e-10         -2.591347e-11         -4.709613e-08          1.249778e-09
221           -25.0000000            56.0000000          2.707987e-07         -7.229594e-09         -3.309921e-10         -2.567345e-11         -5.057017e-08          1.342086e-09
222           -25.0000000            57.0000000          2.678823e-07         -7.151999e-09         -3.304562e-10         -2.528434e-11         -5.395826e-08          1.432109e-09
223           -25.0000000            58.0000000          2.648104e-07         -7.070223e-09         -3.323459e-10         -2.474615e-11         -5.726039e-08          1.519849e-09
224           -25.0000000            59.0000000          2.615830e-07         -6.984265e-09         -3.366612e-10         -2.405888e-11         -6.047656e-08          1.605304e-09
225           -25.0000000            60.0000000          2.581218e-07         -6.891545e-09         -2.916204e-10         -2.489846e-11         -6.364690e-08          1.689824e-09
226           -25.0000000            61.0000000          2.546831e-07         -6.800081e-09         -2.960129e-10         -2.413613e-11         -6.661972e-08          1.768827e-09
227           -25.0000000            62.0000000          2.511346e-07         -6.705646e-09         -3.102761e-10         -2.304764e-11         -6.945162e-08          1.844149e-09
228           -25.0000000            63.0000000          2.474765e-07         -6.608232e-09         -3.117516e-10         -2.350197e-11         -7.214358e-08          1.915843e-09
229           -25.0000000            64.0000000          2.436899e-07         -6.507736e-09         -3.442070e-10         -2.236037e-11         -7.480839e-08          1.988710e-09
230           -25.0000000            65.0000000          2.398386e-07         -6.405591e-09         -3.491315e-10         -2.138984e-11         -7.727875e-08          2.054637e-09
231           -25.0000000            66.0000000          2.359312e-07         -6.301904e-09         -3.507121e-10         -2.056581e-11         -7.963971e-08          2.117749e-09
232           -25.0000000            67.0000000          2.319679e-07         -6.196676e-09         -3.489489e-10         -1.988829e-11         -8.189127e-08          2.178048e-09
233           -25.0000000            68.0000000          2.279486e-07         -6.089907e-09         -3.438418e-10         -1.935727e-11         -8.403344e-08          2.235532e-09
234           -25.0000000            69.0000000          2.238733e-07         -5.981596e-09         -3.353910e-10         -1.897276e-11         -8.606620e-08          2.290202e-09
235           -25.0000000            70.0000000          2.197421e-07         -5.871744e-09         -3.235963e-10         -1.873475e-11         -8.798957e-08          2.342057e-09
236           -25.0000000            71.0000000          2.156841e-07         -5.763555e-09         -3.978700e-10         -1.668754e-11         -8.965522e-08          2.387564e-09
237           -25.0000000            72.0000000          2.116035e-07         -5.655303e-09         -2.721692e-10         -1.971504e-11         -9.112841e-08          2.427555e-09
238           -25.0000000            73.0000000          2.074971e-07         -5.546293e-09         -1.677332e-10         -2.340084e-11         -9.266599e-08          2.469695e-09
239           -25.0000000            74.0000000          2.034035e-07         -5.437601e-09         -2.788159e-10         -1.977280e-11         -9.400201e-08          2.506059e-09
240           -25.0000000            75.0000000          1.993233e-07         -5.329245e-09         -3.535489e-10         -1.709123e-11         -9.523009e-08          2.539544e-09
241           -25.0000000            76.0000000          1.952565e-07         -5.221225e-09         -3.919324e-10         -1.535614e-11         -9.635022e-08          2.570148e-09
242           -25.0000000            77.0000000          1.912031e-07         -5.113540e-09         -3.939664e-10         -1.456751e-11         -9.736240e-08          2.597871e-09
243           -25.0000000            78.0000000          1.871630e-07         -5.006192e-09         -3.596507e-10         -1.472536e-11         -9.826664e-08          2.622715e-09
244           -25.0000000            79.0000000          1.831363e-07         -4.899179e-09         -2.889855e-10         -1.582969e-11         -9.906294e-08          2.644678e-09
245           -25.0000000            80.0000000          1.792213e-07         -4.794700e-09         -2.765163e-10         -1.603586e-11         -9.961650e-08          2.660850e-09
246           -25.0000000            81.0000000          1.753019e-07         -4.690654e-09         -2.221284e-10         -1.686328e-11         -1.000344e-07          2.672947e-09
